[10, 6, 0, 0, 0, 0, 0, 0, 0],
[6, 10, 0, 0, 0, 0, 0, 0, 0],
[0, 0, 10, 5, 3, 3, 1, 1, 0],
[0, 0, 5, 10, 1, 2, 1, 1, 0],
[0, 0, 3, 1, 10, 4, 1, 2, 0],
[0, 0, 3, 2, 4, 10, 1, 4, 0],
[0, 0, 1, 1, 1, 1, 10, 1, 0],
[0, 0, 1, 1, 2, 4, 1, 10, 0],
[0, 0, 0, 0, 0, 0, 0, 0, 10]


						[10, , , , , , , , ],
						[6, 10, 0, 0, 0, 0, 0, 0, 0],
						[0, , 10, , , , , , 0],
						[0, , 5, 10, 1, 2, 1, 1, 0],
						[0, , 3, , 10, , 1, , 0],
						[0, , 3, , 4, 10, 1, 4, 0],
						[0, , 1, , , , 10, , 0],
						[0, , 1, , 4, , 1, 10, 0],
						[0, , , , , , , , 10]
